-0.1 0.1 0 0
-0.2 0.2 0 0
-0.3 0.3 0 0
-0.4 0.4 0 0
-0.5 0.5 0 0
-0.6 0.6 0 0
-0.7 0.7 0 0
-0.8 0.8 0 0
-0.8 0.8 0 -5
-0.8 0.8 0 -5
-0.8 0.8 0 -5
-0.8 0.8 0 -5
-1 0.8 0 -5
-1.1 0.8 0 -5
-1.2 0.8 0 -5
-1.2 0.8 0 -5
-1.3 0.8 0 -5
-1.4 0.8 0 -5
-1.5 0.8 0 -5
-1.6 0.8 0 -5
-1.7 0.8 0 -5
-1.8 0.7 0 -5
-1.9 0.6 0 -5
-2 0.5 0 -5
-2.1 0.4 0 -5
-2.2 0.3 0 -5
-2.9 -0.6 0 -5
-3.5 -1.3 0 -5
-4 -2 0 -5
-4.9 -4.1 -0.1 -5
-4.9 -4.8 0.1 -5
-5.6 -5.7 0.1 -5
-6.5 -7 0.6 -5
-7 -8.5 0.6 -5
-7.89999 -10.2 0.6 -5
-8.3 -11.4 0.6 -5
-9.6 -12.7 0.6 -5
-10.5 -13.5 0.6 -5
-11.6 -14.5 0.6 -5
-13.2 -16 0.6 -5
-13.6 -17.1 0.6 -5
-14.2 -18 0.6 -5
-14.2 -18.3 0.6 -5
-14.2 -18.8 0.6 -5
